-0.4090281 0.6832988 1.023782 1.757795 2.183787
2.414166 0.9962983 -0.863303 -1.87122 1.029002
0.6243209 1.079106 0.3714121 -1.312979 -2.001905
-1.751864 0.5825535 0.3251509 0.5519024 3.17147
0.6188529 -0.6132966 -1.210022 -1.486533 -1.25894
-0.3459357 1.576017 0.5001869 -1.66288 -0.9143654
0.5061317 1.694169 0.5284418 -0.8988238 -0.5902252
2.388882 0.2584854 -1.340713 -0.2652608 0.5838514
2.003572 1.186167 -1.29454 -0.8695193 -0.0107769
0.9847414 3.794772 3.486576 -1.094632 -2.823507
-1.521099 -0.2581959 -0.7358484 0.7134215 1.499759
1.936861 -0.8881328 -0.05229934 -0.1039255 -1.28863
-0.2957662 -0.05971126 0.2846065 -1.126718 -0.08829644
0.7951402 1.386553 -0.6307807 0.02233878 -0.302065
-0.2899543 0.04818818 -0.4623998 -0.308036 -0.9074677
-0.846563 -0.3646807 1.842988 2.522188 1.16795
-0.4534387 -0.9068948 -1.00329 0.5810766 -0.9214266
-1.390463 -0.9462372 0.6890277 1.240862 0.5269881
0.5684126 -0.4691842 -1.414931 -1.531129 -0.4736536
0.2134497 1.473788 2.728779 1.747155 -0.5485614
