-0.2425359 -1.082368 0.3268128 1.461485 2.115271
-1.070612 -0.8896289 -0.2736308 -0.2942095 -0.8110503
-1.126688 1.510493 0.4418649 -0.4498263 1.706557
-1.831605 -0.4838297 -1.289394 1.508812 0.9677647
-0.7787961 1.6291 -0.5737664 0.4288883 0.20912
0.6484183 0.09083062 0.4072034 -0.5151269 0.7003022
0.6731685 0.1126766 0.5192137 -0.8227671 0.9397897
0.8920719 0.4537815 -2.523422 1.277776 -0.8288414
0.4165124 1.202933 -0.9036911 -0.5699558 1.55121
0.6758311 0.5429793 0.01951471 -0.742471 -0.740682
-0.8909033 1.130879 -0.2220859 -0.350999 -1.765254
1.152504 0.3794275 -0.9705973 0.7113151 1.667944
0.04653788 -0.6764482 -1.416069 -0.6068255 0.2661054
0.705305 1.008317 -2.034503 -0.8148386 2.291442
0.2437644 0.9535732 -0.7928011 -0.03446197 -1.082591
1.496036 -2.081503 1.018355 -0.7035147 -1.058446
0.336553 0.4226001 0.5215879 -1.319906 0.388897
1.48456 0.2949075 -0.5162941 -0.9045189 -0.002099846
0.102663 -1.591166 -0.8743653 0.9563008 -0.04967903
1.255405 -0.1925736 0.8990827 -1.447595 0.9384119
