0.6405632 1.500315 -1.738216 3.020054 -2.015024
0.86646 -0.9282507 1.588259 0.1937963 1.040143
2.216326 1.723774 -0.3501909 1.013133 0.8359021
0.01117329 0.1471386 0.3891266 0.4823039 -0.9542067
1.982164 1.049824 -0.9916933 0.9347029 -0.5056478
-0.0482475 1.322521 0.09863224 0.6182241 -0.08660511
0.4443499 -0.4591228 0.3669887 -1.003377 -0.398842
0.1923305 -0.2386628 -1.332492 0.009826403 -1.55862
1.945675 -1.7499 2.004038 0.07466857 -0.7424314
-0.06012168 -2.421466 -1.915511 1.39029 -3.534312
1.061499 -1.125731 0.2424331 1.464202 -2.244189
2.463929 -0.215489 0.8970683 0.5281619 1.945514
-0.2692463 -0.1161823 1.036148 -2.327279 1.928941
-0.9461886 1.129095 1.167434 1.070662 -2.158777
-0.832672 0.7452565 -1.645886 0.4218879 0.883388
0.4862792 -0.1245543 0.2444868 -0.2818354 -0.4683351
0.7131556 -0.2008644 1.578993 0.6278182 1.578265
1.229167 -1.244784 0.3969763 -1.317906 0.1104547
0.1215502 -1.425278 1.523239 -2.101554 -0.1341435
0.5790864 0.8641442 -1.599946 2.260711 -0.305386
