ARIMA(1,1,0)
0 0.0621671 0.09848336 -0.0007408542 0.9808587
0.147785 -1.014337 -0.8821864 -0.5991159 -1.318279
-1.627095 -3.472565 -4.278084 -5.924668 -6.981086
-6.854081 -6.535083 -5.991836 -6.913851 -8.793991
-9.270642 -9.702525 -9.996708 -8.999471 -7.55982
-5.390016 -5.893322 -6.227425 -6.330719 -8.086545
-9.266343 -8.82436 -10.26419 -9.369014 -8.92412
-8.907404 -10.54552 -12.7218 -15.85077 -18.12415
-18.98675 -18.65853 -19.23992 -18.72951 -18.45701
-17.66415 -17.73963 -17.73121 -17.45354 -17.06495
-14.62634 -14.62157 -13.66463 -13.95629 -13.2798
-12.44264 -13.11314 -14.83633 -15.21081 -15.16452
-13.47453 -13.37419 -13.2549 -13.94157 -14.50585
-14.08274 -13.70397 -13.08318 -12.12947 -11.91033
-11.5159 -11.9747 -12.07537 -11.29136 -9.603721
-8.609052 -8.052263 -7.894598 -8.934203 -8.144682
-9.406211 -11.22556 -13.03099 -14.51505 -17.17984
-18.51354 -19.73093 -20.94677 -23.06539 -22.20993
-22.00144 -20.76293 -20.24297 -19.71677 -18.23608
-16.5181 -14.96291 -15.21082 -15.88273 -17.45628
-17.27943 -17.98841 -18.35945 -19.28701 -19.89846
-20.14705 -19.17149 -18.12401 -17.8195 -16.13061
-14.30347 -13.39883 -13.27901 -11.90403 -11.99696
-13.49059 -13.54343 -14.22417 -12.79774 -10.50085
-9.12628 -10.96899 -10.94313 -11.54187 -12.57949
-13.45549 -12.47264 -10.9519 -10.27653 -9.422016
-9.24912 -6.265747 -6.51463 -8.338465 -12.2892
-16.44466 -19.51816 -23.3567 -26.11462 -28.16703
-30.39452 -30.44123 -32.37986 -33.95385 -38.24814
-41.38296 -44.03089 -45.56168 -44.82278 -43.62098
-43.93874 -43.26874 -42.07027 -42.61987 -44.95263
-45.6767 -47.05927 -47.68541 -48.57486 -49.21128
-49.95837 -49.96643 -50.79404 -50.03896 -48.73037
-47.66191 -47.91038 -47.99324 -48.15706 -48.01331
-48.55022 -46.9904 -45.79096 -44.68234 -44.47932
-43.53896 -41.10375 -41.24928 -41.47868 -42.22828
-43.42893 -45.11364 -45.17321 -45.28224 -45.88942
-47.96471 -52.17607 -55.43502 -58.189 -62.0635
-64.60474 -66.06108 -67.16269 -67.78886 -67.79679
-70.09366 -70.99447 -70.37636 -70.54531 -70.96042
-72.45779
